Sweep2: 2019-01-01 -> 2024-12-31
Fixed: {"allowed_sessions": ["NY"], "require_bos": true, "momentum_only": true, "disp_min_atr_mult": 2.0, "risk_per_trade": 0.01, "equity_mode": "dynamic", "starting_equity": 100000, "point_value": 20.0, "max_trades_per_day": 3}
Valid: 180/180  Positive EV: 119

TOP 20:
    rr_ratio  sl_atr_multiplier  wick_threshold  atr_period  n_trades  win_rate   avg_r  best_ev_per_day best_account  best_pass_rate
1       1.00               1.25            0.15          10       366    0.5738  0.1547          16.2967         150K           0.435
2       1.00               1.25            0.10           7       155    0.5548  0.1258          15.0048          50K           0.517
3       1.00               1.50            0.15          10       363    0.5647  0.1335          14.9206         150K           0.417
4       1.00               1.00            0.15           7       219    0.5525  0.1078          13.3506          50K           0.502
5       1.25               1.00            0.15          10       367    0.5150  0.1569          13.0571         150K           0.407
6       1.25               1.25            0.10           7       155    0.5097  0.1466          12.5552         150K           0.405
7       1.50               0.75            0.15          10       370    0.4703  0.1686          12.5260         150K           0.499
8       1.00               1.50            0.10           7       153    0.5556  0.1244          12.2722         150K           0.412
9       1.00               1.25            0.15           7       217    0.5530  0.1214          11.8618          50K           0.465
10      1.25               1.50            0.15          10       360    0.5083  0.1416          11.5556         150K           0.405
11      1.25               1.00            0.10           7       157    0.4968  0.1212          11.2229          50K           0.405
12      1.00               1.00            0.15          10       368    0.5571  0.1140          10.3170         150K           0.402
13      1.50               1.50            0.10           7       154    0.4610  0.1549          10.1860          50K           0.423
14      1.00               1.50            0.10          10       261    0.5517  0.1091          10.1127          50K           0.456
15      1.00               1.25            0.10          10       266    0.5564  0.1194           9.7336          50K           0.409
16      1.00               1.50            0.15           7       213    0.5493  0.1092           9.6780          50K           0.442
17      1.00               1.00            0.10           7       157    0.5414  0.0872           9.6398          50K           0.453
18      1.00               1.25            0.20          10       438    0.5525  0.1140           9.4886          50K           0.457
19      1.25               1.25            0.15          10       365    0.5068  0.1419           9.4500          50K           0.433
20      1.25               0.75            0.15          10       370    0.5054  0.1310           9.3792         150K           0.389