Sweep4 (aggressive): 2019-01-01 -> 2024-12-31
Fixed: {"allowed_sessions": ["NY"], "require_bos": true, "momentum_only": true, "disp_min_atr_mult": 2.0, "wick_threshold": 0.15, "atr_period": 10, "risk_per_trade": 0.01, "equity_mode": "dynamic", "starting_equity": 100000, "point_value": 20.0, "max_trades_per_day": 3}
Valid: 192/192  Positive EV: 165

TOP 20:
    rr_ratio  sl_atr_multiplier  breakeven_r  atr_vol_filter  require_daily_momentum  n_trades  win_rate   avg_r  best_ev_per_day best_account  best_pass_rate
1       0.75               1.50          0.5             1.0                   False       342    0.6462  0.1352          19.9173         150K           0.418
2       0.75               1.50          1.0             1.0                   False       342    0.6462  0.1352          19.9173         150K           0.418
3       0.75               1.50          0.0             1.0                   False       342    0.6462  0.1352          19.9173         150K           0.418
4       0.75               1.50          0.0             0.0                   False       364    0.6401  0.1274          18.8393         150K           0.427
5       0.75               1.50          1.0             0.0                   False       364    0.6401  0.1274          18.8393         150K           0.427
6       0.75               1.50          0.5             0.0                   False       364    0.6401  0.1274          18.8393         150K           0.427
7       1.00               1.25          0.0             0.0                   False       366    0.5738  0.1547          17.4440         150K           0.435
8       1.00               1.25          0.5             0.0                   False       366    0.5738  0.1547          17.4440         150K           0.435
9       1.00               1.25          1.0             0.0                   False       366    0.5738  0.1547          17.4440         150K           0.435
10      1.00               1.25          0.0             1.0                   False       345    0.5739  0.1527          16.1750         150K           0.443
11      1.00               1.25          0.5             1.0                   False       345    0.5739  0.1527          16.1750         150K           0.443
12      1.00               1.25          1.0             1.0                   False       345    0.5739  0.1527          16.1750         150K           0.443
13      0.75               1.25          0.0             1.0                   False       345    0.6348  0.1138          14.6222         150K           0.432
14      0.75               1.25          0.5             0.0                   False       366    0.6339  0.1147          14.4560         150K           0.402
15      0.75               1.25          1.0             0.0                   False       366    0.6339  0.1147          14.4560         150K           0.402
16      1.00               1.50          0.5             1.0                   False       342    0.5702  0.1414          14.4258          50K           0.489
17      1.00               1.50          0.0             1.0                   False       342    0.5702  0.1414          14.4258          50K           0.489
18      1.00               1.50          1.0             1.0                   False       342    0.5702  0.1414          14.4258          50K           0.489
19      0.75               1.25          0.5             1.0                   False       345    0.6348  0.1138          14.3626         150K           0.452
20      0.75               1.25          1.0             1.0                   False       345    0.6348  0.1138          14.3626         150K           0.452